Problem = prob08_3.txt  Number Threads = 4  Time = 120.0
Params{m=8, maxLenght=25, lenghts=[3, 4, 5, 6, 7, 8, 9, 10], limits=[6, 12, 6, 5, 15, 6, 4, 6]}
-------------- Test #1 ---------------------
[4, 4, 9, 8, 8, 7, 9, 10, 3, 9, 3, 4, 6, 4, 5, 4, 5, 6, 6, 8, 3, 7, 7, 10, 7, 3, 4, 7, 6, 9, 6, 5, 7, 7, 10, 5, 10, 8, 7, 10, 3, 4, 7, 4, 4, 7, 4, 7, 7, 8, 4, 8, 3, 7, 7, 5, 4, 7, 5, 10]
[16,25,9]  Eval = 41  Best Iteration = 168  Best Time = 0,484
-------------- Test #2 ---------------------
[4, 4, 8, 9, 3, 3, 5, 4, 6, 8, 4, 3, 7, 7, 3, 4, 4, 7, 7, 6, 5, 7, 10, 3, 5, 7, 5, 10, 7, 6, 8, 10, 5, 7, 7, 6, 4, 4, 7, 9, 9, 8, 4, 4, 10, 5, 7, 3, 6, 9, 8, 7, 7, 10, 8, 10, 7, 4, 4, 7]
[16,25,8]  Eval = 41  Best Iteration = 24  Best Time = 0,079
-------------- Test #3 ---------------------
[10, 6, 6, 8, 7, 4, 6, 8, 6, 10, 7, 4, 7, 7, 8, 3, 3, 3, 4, 9, 4, 4, 8, 7, 4, 7, 6, 7, 9, 7, 7, 3, 4, 4, 7, 7, 4, 4, 9, 7, 5, 4, 9, 8, 10, 5, 5, 5, 7, 5, 3, 10, 4, 10, 8, 10, 7, 7, 5, 3]
[16,25,9]  Eval = 41  Best Iteration = 0  Best Time = 0,000
-------------- Test #4 ---------------------
[7, 3, 9, 4, 4, 5, 4, 6, 6, 8, 5, 4, 4, 4, 3, 10, 5, 7, 10, 7, 6, 8, 7, 3, 7, 8, 5, 8, 4, 6, 9, 5, 7, 3, 4, 4, 7, 6, 7, 10, 3, 5, 9, 8, 4, 4, 7, 7, 3, 10, 7, 7, 7, 8, 10, 7, 9, 10, 4, 7]
[16,25,7]  Eval = 41  Best Iteration = 40  Best Time = 0,125
-------------- Test #5 ---------------------
[6, 3, 7, 10, 4, 4, 5, 5, 10, 3, 7, 8, 7, 10, 6, 9, 3, 7, 6, 8, 4, 4, 7, 4, 5, 9, 8, 6, 5, 4, 7, 4, 4, 8, 8, 7, 3, 7, 7, 8, 9, 7, 10, 7, 4, 4, 4, 10, 7, 7, 4, 5, 10, 7, 5, 3, 3, 9, 6, 7]
[16,25,9]  Eval = 41  Best Iteration = 100  Best Time = 0,328
-------------- Test #6 ---------------------
[8, 7, 10, 3, 5, 8, 9, 5, 9, 5, 5, 8, 6, 5, 4, 4, 9, 4, 7, 7, 3, 4, 4, 7, 3, 7, 4, 8, 10, 9, 6, 6, 7, 4, 6, 7, 3, 4, 4, 7, 7, 8, 10, 7, 3, 3, 10, 7, 7, 8, 4, 5, 7, 4, 7, 10, 7, 4, 10, 6]
[16,25,10]  Eval = 41  Best Iteration = 0  Best Time = 0,000
-------------- Test #7 ---------------------
[10, 5, 10, 8, 9, 8, 4, 3, 7, 8, 7, 10, 7, 3, 4, 4, 5, 7, 10, 10, 4, 5, 6, 7, 7, 9, 6, 7, 7, 7, 7, 6, 4, 5, 6, 4, 10, 4, 4, 7, 7, 8, 6, 4, 9, 7, 9, 4, 5, 7, 4, 5, 4, 8, 3, 3, 8, 3, 3, 7]
[16,25,8]  Eval = 41  Best Iteration = 3  Best Time = 0,015
-------------- Test #8 ---------------------
[7, 8, 10, 3, 8, 5, 3, 6, 4, 5, 8, 7, 5, 7, 3, 10, 7, 10, 8, 6, 4, 8, 6, 4, 5, 6, 4, 3, 3, 4, 7, 7, 7, 8, 5, 7, 4, 9, 7, 9, 7, 6, 4, 7, 4, 7, 5, 4, 4, 7, 10, 9, 7, 9, 10, 7, 3, 4, 10, 4]
[16,25,8]  Eval = 41  Best Iteration = 11  Best Time = 0,032
-------------- Test #9 ---------------------
[3, 4, 7, 7, 4, 7, 3, 5, 4, 5, 9, 10, 4, 8, 6, 6, 10, 4, 7, 7, 7, 7, 4, 10, 10, 4, 7, 6, 3, 4, 7, 3, 7, 4, 4, 10, 7, 8, 5, 4, 3, 5, 8, 5, 5, 7, 6, 8, 3, 9, 7, 4, 8, 6, 7, 10, 8, 9, 7, 9]
[16,25,8]  Eval = 41  Best Iteration = 0  Best Time = 0,000
-------------- Test #10 ---------------------
[6, 7, 4, 8, 7, 7, 7, 3, 6, 7, 7, 10, 7, 5, 10, 8, 7, 4, 4, 3, 5, 9, 7, 6, 7, 5, 4, 8, 3, 9, 7, 8, 10, 9, 4, 4, 4, 4, 3, 3, 8, 7, 5, 9, 6, 7, 6, 7, 5, 8, 10, 3, 4, 10, 4, 7, 4, 4, 5, 10]
[16,25,7]  Eval = 41  Best Iteration = 0  Best Time = 0,000