Problem = prob18_2.txt  Number Threads = 4  Time = 120.0
Params{m=18, maxLenght=86, lenghts=[21, 23, 24, 25, 26, 27, 28, 29, 31, 33, 34, 35, 37, 38, 41, 42, 44, 47], limits=[10, 14, 10, 7, 14, 4, 13, 9, 5, 10, 13, 10, 11, 15, 12, 15, 15, 13]}
-------------- Test #1 ---------------------
[44, 42, 47, 37, 41, 23, 41, 23, 34, 28, 47, 37, 47, 23, 23, 25, 38, 24, 47, 44, 41, 34, 26, 38, 35, 47, 28, 44, 24, 42, 26, 42, 42, 28, 42, 38, 42, 38, 47, 42, 28, 26, 44, 23, 35, 28, 21, 41, 24, 47, 47, 47, 29, 44, 21, 34, 38, 23, 37, 29, 26, 31, 21, 47, 24, 27, 33, 31, 35, 35, 23, 41, 38, 28, 26, 27, 42, 44, 26, 28, 44, 41, 25, 47, 29, 25, 24, 28, 42, 33, 21, 29, 28, 26, 29, 47, 35, 24, 23, 37, 44, 34, 27, 33, 28, 42, 41, 24, 38, 42, 23, 34, 34, 26, 26, 38, 42, 38, 26, 34, 44, 31, 34, 35, 34, 35, 26, 41, 27, 44, 33, 24, 34, 23, 42, 33, 28, 44, 37, 41, 38, 26, 35, 38, 37, 47, 31, 44, 33, 38, 24, 37, 34, 37, 37, 23, 29, 41, 25, 29, 34, 21, 42, 42, 23, 41, 21, 33, 38, 24, 44, 25, 28, 23, 38, 21, 38, 34, 21, 33, 21, 21, 41, 37, 26, 23, 28, 25, 33, 44, 37, 44, 29, 31, 33, 35, 29, 35, 26, 25]
[92,1221,82]  Eval = 1313  Best Iteration = 653  Best Time = 18,599
-------------- Test #2 ---------------------
[24, 47, 42, 44, 33, 47, 23, 44, 47, 23, 38, 28, 42, 29, 24, 28, 42, 42, 42, 41, 38, 42, 44, 26, 33, 23, 25, 26, 47, 23, 34, 38, 26, 38, 34, 24, 34, 25, 24, 42, 42, 23, 29, 44, 23, 29, 29, 23, 38, 26, 33, 33, 26, 25, 41, 35, 41, 42, 26, 25, 41, 41, 44, 34, 44, 37, 37, 35, 34, 41, 47, 34, 31, 29, 24, 26, 41, 35, 21, 25, 26, 35, 47, 35, 29, 47, 23, 21, 38, 37, 47, 28, 37, 44, 31, 33, 29, 26, 23, 31, 41, 27, 38, 41, 27, 27, 28, 31, 42, 47, 44, 28, 33, 47, 47, 29, 21, 37, 28, 42, 33, 44, 42, 37, 44, 41, 44, 24, 34, 21, 38, 21, 25, 21, 23, 38, 28, 34, 28, 21, 28, 37, 44, 38, 34, 42, 35, 37, 38, 34, 41, 23, 47, 38, 28, 47, 35, 24, 34, 37, 33, 38, 26, 26, 33, 26, 21, 34, 31, 41, 44, 24, 23, 44, 35, 42, 42, 24, 27, 28, 25, 44, 23, 26, 38, 34, 24, 26, 23, 33, 35, 38, 28, 29, 37, 35, 21, 37, 21, 28]
[91,1135,86]  Eval = 1226  Best Iteration = 19  Best Time = 0,612
-------------- Test #3 ---------------------
[31, 41, 44, 44, 42, 26, 29, 38, 42, 47, 35, 38, 44, 47, 25, 42, 26, 28, 35, 26, 38, 33, 24, 41, 38, 47, 28, 38, 34, 38, 41, 37, 24, 28, 42, 23, 41, 41, 44, 33, 28, 29, 42, 28, 24, 21, 38, 47, 37, 47, 28, 28, 47, 28, 33, 44, 33, 42, 42, 21, 21, 23, 37, 23, 37, 41, 29, 38, 24, 35, 26, 29, 34, 35, 44, 42, 44, 26, 38, 26, 42, 29, 47, 24, 25, 26, 23, 42, 21, 44, 26, 35, 24, 41, 33, 31, 21, 24, 34, 26, 23, 41, 27, 44, 37, 25, 24, 31, 29, 28, 42, 28, 34, 47, 47, 37, 47, 33, 25, 29, 35, 21, 33, 47, 44, 37, 26, 21, 38, 26, 31, 31, 25, 29, 35, 37, 23, 33, 29, 28, 21, 25, 33, 28, 44, 34, 37, 35, 38, 27, 44, 26, 23, 34, 26, 35, 38, 21, 38, 34, 24, 25, 47, 37, 41, 41, 24, 44, 34, 37, 42, 41, 44, 42, 34, 28, 34, 38, 35, 44, 23, 26, 33, 23, 42, 21, 42, 23, 34, 23, 27, 41, 23, 38, 47, 27, 23, 23, 34, 34]
[91,1135,86]  Eval = 1226  Best Iteration = 991  Best Time = 35,236
-------------- Test #4 ---------------------
[26, 35, 21, 25, 26, 28, 23, 37, 34, 44, 42, 33, 44, 26, 31, 38, 33, 47, 41, 28, 28, 31, 34, 29, 23, 33, 24, 29, 42, 35, 25, 44, 29, 44, 42, 21, 42, 41, 28, 38, 42, 29, 35, 21, 33, 47, 42, 27, 47, 21, 28, 21, 28, 35, 23, 24, 37, 23, 24, 33, 44, 28, 38, 38, 34, 41, 29, 23, 23, 37, 29, 26, 31, 23, 35, 28, 37, 24, 34, 37, 41, 21, 38, 34, 25, 34, 23, 29, 33, 34, 23, 26, 38, 35, 47, 26, 42, 26, 34, 38, 42, 25, 28, 38, 38, 37, 28, 47, 34, 38, 25, 47, 44, 33, 47, 41, 44, 42, 44, 31, 27, 33, 47, 35, 21, 41, 44, 23, 23, 37, 47, 25, 24, 26, 37, 47, 38, 29, 37, 34, 41, 34, 29, 28, 26, 31, 21, 38, 25, 41, 33, 41, 35, 42, 28, 37, 27, 44, 26, 42, 44, 38, 44, 42, 35, 23, 26, 21, 24, 44, 23, 26, 28, 24, 47, 38, 44, 42, 33, 41, 41, 44, 42, 37, 24, 47, 35, 41, 26, 34, 23, 24, 42, 34, 27, 38, 21, 24, 47, 26]
[92,1221,84]  Eval = 1313  Best Iteration = 382  Best Time = 12,194
-------------- Test #5 ---------------------
[24, 28, 47, 35, 37, 44, 41, 33, 24, 47, 26, 26, 24, 44, 37, 38, 34, 27, 34, 44, 24, 35, 47, 25, 23, 34, 21, 42, 23, 42, 28, 27, 23, 35, 33, 34, 41, 25, 42, 44, 44, 35, 42, 34, 24, 21, 21, 26, 34, 33, 38, 31, 37, 47, 38, 27, 33, 26, 41, 44, 23, 29, 21, 28, 26, 38, 47, 34, 28, 21, 24, 37, 21, 28, 42, 23, 41, 23, 33, 23, 26, 35, 38, 47, 33, 33, 38, 26, 38, 24, 21, 21, 31, 26, 23, 44, 23, 41, 42, 31, 31, 37, 25, 38, 34, 42, 26, 42, 38, 34, 29, 23, 28, 41, 44, 42, 25, 33, 47, 41, 27, 41, 28, 23, 34, 28, 29, 25, 28, 44, 35, 37, 47, 29, 42, 38, 42, 29, 42, 29, 42, 44, 35, 37, 47, 24, 31, 38, 44, 42, 28, 44, 26, 21, 33, 28, 41, 28, 26, 47, 47, 29, 34, 24, 41, 41, 26, 29, 37, 34, 29, 37, 38, 25, 38, 44, 23, 38, 25, 34, 23, 23, 24, 26, 35, 42, 35, 35, 44, 47, 47, 26, 37, 21, 37, 33, 28, 38, 44, 41]
[91,1135,87]  Eval = 1226  Best Iteration = 18  Best Time = 0,599
-------------- Test #6 ---------------------
[31, 26, 26, 44, 38, 28, 44, 34, 35, 35, 37, 41, 41, 24, 26, 47, 23, 44, 34, 33, 31, 42, 38, 42, 44, 44, 33, 42, 28, 34, 28, 21, 23, 41, 38, 44, 44, 25, 42, 42, 28, 28, 25, 33, 25, 42, 38, 34, 28, 27, 28, 31, 37, 42, 29, 44, 23, 23, 31, 31, 28, 26, 41, 41, 38, 42, 47, 38, 35, 33, 34, 26, 26, 35, 44, 24, 38, 24, 42, 21, 42, 44, 29, 34, 38, 47, 34, 44, 23, 41, 28, 24, 24, 21, 29, 35, 38, 26, 42, 41, 38, 34, 35, 26, 23, 21, 41, 23, 23, 29, 21, 34, 44, 33, 34, 35, 35, 42, 34, 44, 38, 27, 44, 21, 29, 24, 24, 37, 23, 28, 42, 26, 25, 34, 25, 28, 33, 33, 41, 37, 29, 21, 35, 29, 38, 47, 25, 37, 27, 25, 24, 42, 21, 24, 26, 28, 41, 38, 27, 23, 34, 47, 33, 29, 41, 47, 37, 23, 37, 47, 38, 29, 26, 47, 33, 44, 23, 26, 26, 47, 24, 47, 35, 47, 21, 33, 41, 21, 37, 28, 47, 37, 26, 38, 23, 47, 23, 37, 42, 37]
[89,963,82]  Eval = 1052  Best Iteration = 1005  Best Time = 31,610
-------------- Test #7 ---------------------
[44, 24, 28, 23, 35, 34, 21, 26, 44, 26, 33, 35, 38, 42, 33, 47, 25, 34, 26, 26, 38, 25, 26, 47, 24, 24, 29, 29, 47, 38, 37, 29, 42, 42, 41, 28, 41, 34, 41, 35, 24, 33, 24, 26, 34, 25, 28, 37, 44, 31, 47, 34, 41, 44, 31, 38, 44, 38, 42, 44, 23, 37, 47, 23, 42, 35, 28, 26, 47, 26, 44, 38, 28, 47, 41, 23, 28, 31, 29, 37, 21, 35, 38, 41, 26, 37, 31, 41, 34, 42, 28, 21, 26, 37, 28, 44, 29, 21, 34, 25, 21, 47, 47, 24, 37, 47, 42, 38, 47, 38, 28, 24, 31, 21, 21, 38, 35, 24, 23, 33, 42, 24, 35, 37, 23, 33, 33, 47, 26, 44, 34, 42, 34, 34, 25, 27, 44, 24, 41, 28, 41, 42, 35, 47, 23, 27, 26, 44, 35, 34, 42, 23, 41, 41, 37, 37, 33, 34, 23, 21, 44, 38, 26, 28, 25, 27, 38, 42, 42, 42, 38, 23, 23, 33, 37, 42, 29, 23, 34, 44, 28, 44, 23, 25, 27, 33, 28, 29, 21, 29, 38, 29, 44, 35, 41, 21, 26, 33, 23, 38]
[90,1049,86]  Eval = 1139  Best Iteration = 57  Best Time = 1,812
-------------- Test #8 ---------------------
[26, 37, 29, 26, 29, 26, 23, 42, 29, 34, 33, 47, 25, 44, 38, 29, 27, 47, 35, 34, 38, 37, 28, 38, 21, 28, 28, 38, 47, 41, 42, 38, 26, 44, 24, 26, 28, 23, 34, 24, 28, 42, 28, 38, 42, 27, 21, 29, 41, 23, 26, 34, 42, 47, 23, 44, 26, 31, 38, 41, 21, 23, 33, 23, 29, 33, 25, 26, 34, 25, 23, 35, 21, 31, 44, 24, 38, 24, 21, 37, 41, 24, 26, 33, 33, 38, 42, 44, 31, 26, 41, 35, 34, 47, 37, 28, 47, 26, 42, 25, 42, 44, 37, 44, 37, 41, 44, 34, 47, 33, 25, 42, 47, 35, 29, 26, 44, 37, 34, 38, 21, 23, 35, 21, 27, 38, 28, 47, 38, 47, 26, 42, 33, 47, 24, 41, 44, 24, 24, 23, 31, 21, 44, 42, 42, 25, 24, 37, 44, 28, 23, 25, 37, 37, 47, 34, 24, 34, 44, 38, 33, 47, 34, 28, 21, 31, 28, 35, 44, 29, 38, 42, 29, 26, 37, 44, 23, 27, 33, 38, 34, 42, 41, 28, 35, 35, 35, 21, 41, 23, 41, 34, 28, 41, 35, 41, 42, 33, 23, 23]
[92,1221,86]  Eval = 1313  Best Iteration = 63  Best Time = 2,016
-------------- Test #9 ---------------------
[41, 27, 29, 23, 21, 34, 26, 24, 44, 41, 21, 23, 38, 41, 42, 33, 41, 33, 44, 24, 25, 37, 38, 42, 24, 26, 28, 41, 21, 42, 33, 44, 35, 28, 42, 34, 28, 35, 35, 28, 47, 26, 47, 47, 26, 24, 28, 29, 41, 31, 23, 28, 44, 42, 25, 37, 24, 47, 37, 37, 29, 44, 34, 37, 37, 38, 47, 23, 28, 28, 24, 47, 41, 41, 37, 44, 44, 26, 24, 35, 42, 35, 23, 47, 34, 44, 44, 35, 31, 47, 25, 41, 25, 38, 23, 23, 38, 27, 44, 29, 37, 29, 33, 21, 47, 38, 26, 42, 21, 38, 38, 37, 38, 34, 31, 33, 44, 47, 28, 37, 34, 34, 47, 42, 24, 28, 42, 29, 24, 23, 33, 41, 42, 27, 34, 26, 25, 42, 44, 21, 34, 29, 33, 42, 26, 38, 33, 42, 23, 28, 37, 41, 47, 21, 23, 34, 23, 38, 38, 34, 26, 23, 44, 47, 38, 21, 35, 33, 44, 27, 35, 35, 33, 31, 31, 23, 35, 29, 26, 25, 34, 42, 28, 38, 41, 29, 34, 21, 24, 21, 26, 42, 25, 23, 26, 28, 44, 38, 26, 26]
[91,1135,86]  Eval = 1226  Best Iteration = 2381  Best Time = 75,904
-------------- Test #10 ---------------------
[26, 25, 28, 23, 33, 44, 26, 26, 47, 26, 34, 25, 27, 24, 38, 35, 37, 41, 33, 42, 25, 28, 25, 38, 33, 38, 33, 42, 37, 29, 42, 47, 24, 28, 28, 28, 25, 28, 28, 26, 33, 28, 44, 24, 26, 42, 21, 23, 37, 35, 42, 44, 25, 26, 21, 23, 42, 47, 38, 28, 41, 42, 24, 23, 34, 31, 42, 26, 23, 41, 41, 38, 34, 23, 29, 24, 29, 31, 35, 41, 37, 42, 27, 23, 35, 44, 42, 37, 44, 24, 26, 34, 23, 33, 41, 38, 35, 21, 34, 34, 38, 26, 28, 24, 21, 34, 44, 41, 41, 29, 29, 28, 23, 26, 31, 23, 42, 35, 21, 23, 35, 35, 38, 35, 44, 21, 44, 31, 33, 44, 42, 34, 24, 34, 38, 21, 47, 29, 37, 27, 24, 37, 41, 44, 47, 26, 38, 41, 23, 21, 26, 33, 37, 47, 38, 47, 21, 47, 38, 42, 29, 47, 24, 38, 34, 25, 47, 37, 21, 28, 41, 44, 31, 23, 29, 34, 23, 33, 37, 47, 38, 42, 34, 27, 47, 41, 44, 35, 44, 44, 33, 38, 44, 37, 47, 42, 34, 28, 26, 29]
[91,1135,86]  Eval = 1226  Best Iteration = 388  Best Time = 12,311