Problem = prob18_1.txt  Number Threads = 4  Time = 120.0
Params{m=18, maxLenght=4300, lenghts=[2350, 2250, 2200, 2100, 2050, 2000, 1950, 1900, 1850, 1700, 1650, 1350, 1300, 1250, 1200, 1150, 1100, 1050], limits=[2, 4, 4, 15, 6, 11, 6, 15, 13, 5, 2, 9, 3, 6, 10, 4, 8, 3]}
-------------- Test #1 ---------------------
[2000, 1850, 1100, 2000, 1200, 2100, 1850, 1650, 1200, 2100, 1900, 2100, 1200, 1050, 1300, 1850, 2050, 2250, 1250, 1250, 1250, 1200, 1250, 1900, 2050, 1100, 1250, 1150, 1900, 2000, 1700, 2200, 1200, 2050, 1100, 2250, 1100, 1850, 1350, 1300, 1200, 1700, 1900, 1900, 1350, 2000, 1850, 1350, 1100, 2000, 2000, 1950, 1700, 1700, 1200, 2350, 1200, 1350, 1100, 1350, 1900, 1900, 1150, 1850, 1150, 1950, 2200, 1900, 1850, 2200, 2100, 2000, 1150, 2000, 2100, 2100, 1900, 1950, 2250, 1900, 1850, 1900, 2200, 2000, 1350, 2050, 1850, 1200, 1100, 1950, 2100, 2050, 2100, 1850, 1100, 2350, 1900, 2050, 1950, 2100, 2100, 1650, 1050, 1900, 1350, 2250, 1350, 1250, 1200, 1850, 2100, 2100, 1850, 1700, 2100, 2100, 2000, 1050, 2000, 2100, 1950, 1850, 1900, 1350, 1300, 1900]
[57,28650,50]  Eval = 28707  Best Iteration = 3935  Best Time = 76,811
-------------- Test #2 ---------------------
[1650, 1950, 2100, 1850, 1350, 1100, 2250, 2200, 1850, 1950, 1900, 1300, 2000, 1900, 2100, 2250, 1300, 1850, 1050, 1350, 1200, 1200, 1250, 2000, 2250, 1100, 1900, 1900, 1200, 2100, 2100, 1900, 1100, 2050, 1900, 2100, 1700, 2100, 1100, 1100, 1950, 1350, 1900, 1200, 2050, 1200, 2100, 2100, 2100, 2050, 1850, 1100, 1250, 2100, 2000, 1700, 1700, 1900, 2050, 1900, 1900, 1850, 2000, 2000, 2200, 1700, 1200, 1350, 1250, 1850, 1200, 2100, 1900, 1350, 1350, 1250, 1700, 1850, 2350, 1950, 2000, 2100, 1900, 1900, 2000, 2050, 1650, 1050, 2100, 2000, 1350, 2200, 1850, 1300, 1150, 2000, 1250, 2050, 1150, 1150, 1200, 1900, 1350, 2350, 2000, 1350, 1050, 1850, 1950, 2250, 1150, 2200, 1200, 1100, 1950, 1250, 1850, 2000, 1850, 1850, 2100, 2100, 1900, 1200, 1850, 1100]
[58,32950,54]  Eval = 33008  Best Iteration = 321  Best Time = 6,797
-------------- Test #3 ---------------------
[2050, 1900, 1700, 1850, 1200, 1100, 1850, 2200, 1850, 2100, 1900, 1850, 2100, 1700, 1200, 1250, 1900, 2050, 1100, 1900, 1350, 1050, 2100, 1900, 1350, 1350, 2250, 1300, 2350, 1900, 2100, 2000, 1300, 2050, 1900, 1350, 2100, 1150, 2250, 1950, 1850, 2050, 2000, 1100, 1200, 1350, 1050, 1900, 1350, 1200, 1850, 2100, 1650, 1200, 1200, 1200, 1700, 1100, 1250, 1900, 1150, 2100, 2000, 2000, 1100, 1850, 1950, 1900, 1950, 1850, 2100, 1200, 1850, 1900, 1850, 2350, 1250, 1250, 1850, 2250, 1950, 1850, 1900, 2100, 2200, 2000, 2000, 1900, 2200, 2000, 2250, 2000, 1200, 1100, 1900, 1300, 2000, 1900, 2100, 2000, 1250, 2100, 1350, 1100, 1150, 1350, 2000, 1100, 2100, 1250, 1350, 2050, 2050, 2100, 1700, 1700, 1200, 1050, 2100, 1650, 1950, 1150, 1850, 2200, 2100, 1950]
[58,32950,53]  Eval = 33008  Best Iteration = 0  Best Time = 0,000
-------------- Test #4 ---------------------
[2250, 1850, 1900, 2350, 1650, 1100, 1350, 2000, 1200, 2100, 1850, 2000, 2100, 1700, 2100, 2200, 1250, 1850, 2000, 1150, 1900, 2050, 2200, 1900, 1250, 1150, 1350, 1350, 1200, 2100, 2000, 2000, 1900, 2050, 1200, 1900, 1950, 1850, 2250, 2100, 2200, 1900, 1300, 1100, 1100, 2250, 1300, 1850, 1100, 2100, 2100, 1700, 1350, 2100, 1250, 1350, 1700, 1250, 1850, 2350, 1100, 1200, 1950, 1900, 1700, 1200, 2100, 2100, 2000, 2050, 1300, 1850, 1250, 2000, 1950, 1850, 1100, 1200, 1350, 1850, 2250, 1900, 1100, 2000, 1950, 1850, 1850, 1200, 1900, 2100, 1900, 1900, 2050, 2200, 1650, 1050, 1200, 1900, 2100, 1200, 1700, 1350, 1900, 2000, 1950, 1150, 2050, 1250, 1350, 1900, 1100, 2000, 1150, 1900, 2000, 1200, 2100, 1050, 1050, 2050, 1850, 2100, 1950, 2100, 1850, 1350]
[57,28650,53]  Eval = 28707  Best Iteration = 4274  Best Time = 87,657
-------------- Test #5 ---------------------
[1050, 1900, 2100, 1900, 2000, 1950, 1850, 1350, 2100, 1950, 1100, 2100, 1100, 1700, 2100, 1700, 2250, 1200, 1850, 2050, 2100, 1650, 1200, 1050, 2050, 2200, 1950, 2000, 1100, 1200, 1850, 1700, 1950, 1900, 1700, 2200, 2000, 1150, 1300, 2000, 2100, 2000, 2000, 2250, 1200, 1650, 2350, 2050, 1900, 1050, 2050, 2100, 1900, 1350, 1350, 1200, 1350, 1350, 1150, 2000, 2100, 2000, 2100, 1900, 1300, 1250, 1900, 1150, 1850, 2350, 1900, 1850, 1850, 1350, 2250, 2100, 1250, 1900, 2100, 1100, 1200, 1850, 2100, 1850, 1100, 2100, 1100, 2250, 1350, 2050, 2000, 1250, 1950, 2200, 2100, 2050, 2000, 1300, 1200, 1350, 1900, 1850, 1200, 1350, 1250, 1900, 1150, 1100, 1950, 1850, 1900, 1850, 2100, 1850, 1850, 2000, 2200, 1200, 1100, 1900, 1200, 1900, 1900, 1250, 1700, 1250]
[57,28650,53]  Eval = 28707  Best Iteration = 276  Best Time = 5,803
-------------- Test #6 ---------------------
[1350, 1650, 1200, 2000, 1900, 1950, 2100, 1100, 1850, 1250, 2050, 2250, 1250, 1350, 2100, 1900, 1300, 1300, 1700, 1900, 2350, 1100, 1900, 2100, 1900, 1350, 1300, 1200, 1900, 2050, 2000, 2000, 1850, 1100, 2100, 1200, 1250, 2100, 2100, 2000, 1900, 2000, 1850, 2200, 2100, 2000, 1150, 1850, 1250, 1200, 2100, 2200, 1950, 1250, 1850, 1350, 1900, 2100, 1950, 1900, 2200, 2200, 1900, 1950, 2050, 1100, 2100, 1850, 1100, 2000, 1350, 2000, 1200, 2100, 1200, 1850, 1700, 1150, 1200, 1900, 2100, 1150, 1350, 1900, 2250, 1900, 1200, 1150, 1200, 1700, 1850, 1900, 1350, 1050, 1850, 2000, 2100, 1050, 1100, 1250, 1100, 1850, 1850, 1650, 1950, 2100, 1100, 2350, 1050, 1850, 1700, 2250, 2000, 1200, 2100, 1700, 2050, 1350, 1900, 1850, 2050, 2250, 2000, 1950, 1350, 2050]
[58,32950,54]  Eval = 33008  Best Iteration = 147  Best Time = 3,039
-------------- Test #7 ---------------------
[2000, 2050, 1200, 2050, 1300, 1200, 1100, 2000, 2200, 1150, 1250, 1900, 2050, 1200, 1350, 1950, 1900, 1950, 1900, 1850, 2100, 1350, 1300, 1100, 1850, 2100, 2100, 2100, 1250, 1200, 2100, 1900, 1900, 2100, 1850, 2000, 1350, 1700, 1350, 1250, 1100, 1050, 2100, 1950, 2200, 2250, 1900, 1200, 1900, 1200, 1700, 2050, 1900, 1150, 2000, 1350, 1850, 1200, 1700, 2100, 1200, 1850, 1150, 2000, 2250, 1050, 1850, 1650, 1100, 2100, 2100, 1200, 2100, 1850, 1900, 1900, 1300, 2200, 2100, 1100, 2000, 1950, 2000, 1850, 1900, 1250, 1150, 1350, 2000, 1350, 2050, 1950, 1350, 2350, 1900, 1100, 2350, 1850, 1200, 1100, 1900, 1250, 1050, 2250, 1950, 1850, 1850, 1850, 2250, 1900, 2000, 2100, 1700, 2050, 2000, 1350, 1700, 1100, 1900, 2100, 2100, 1650, 2200, 1850, 2000, 1250]
[58,32950,54]  Eval = 33008  Best Iteration = 108  Best Time = 2,290
-------------- Test #8 ---------------------
[2000, 2000, 1200, 2100, 2050, 1950, 2100, 1900, 1200, 1150, 1950, 1900, 1300, 1250, 2200, 2250, 1950, 1050, 1850, 1350, 2100, 1850, 2000, 1950, 1050, 1850, 2000, 2100, 2100, 2100, 1850, 2050, 1200, 2100, 1950, 1900, 2200, 2000, 1250, 1900, 1200, 1900, 1900, 2200, 1100, 1200, 2000, 1900, 2250, 1150, 1650, 2100, 1350, 1350, 1350, 1200, 1350, 1250, 1250, 1250, 2000, 2350, 1650, 1900, 1900, 1200, 1350, 1200, 2100, 2250, 2050, 1850, 2100, 1100, 1100, 1900, 1150, 1100, 1700, 1100, 1100, 1900, 1850, 2100, 2100, 1700, 1900, 1050, 1350, 1250, 2100, 1700, 1900, 1900, 1850, 2250, 1700, 2050, 1350, 1200, 1300, 1150, 2000, 2000, 1700, 1850, 1100, 2100, 2350, 2200, 2000, 1200, 1100, 1900, 1850, 2000, 1850, 1850, 1350, 1300, 2050, 2100, 1850, 1950, 2050, 1850]
[58,32950,54]  Eval = 33008  Best Iteration = 514  Best Time = 10,899
-------------- Test #9 ---------------------
[1300, 1100, 1900, 1050, 1850, 1350, 2000, 2250, 1900, 1850, 2100, 2050, 2000, 2050, 1100, 1900, 1250, 1200, 1850, 1350, 1350, 1850, 1850, 1050, 1350, 2000, 1200, 1900, 2250, 2000, 1900, 1900, 1200, 1200, 2100, 2100, 2000, 1900, 2350, 2000, 2000, 2000, 1350, 1900, 2100, 1200, 2250, 1150, 1850, 1300, 1950, 1650, 1700, 1700, 1950, 1900, 2100, 1850, 1850, 1200, 1900, 2100, 2100, 1250, 1900, 1250, 2200, 1950, 1700, 1700, 2100, 1950, 1850, 1650, 2000, 1900, 2100, 2000, 2050, 1950, 2100, 2100, 1950, 1350, 1100, 1900, 1200, 1850, 2100, 1350, 1350, 1250, 1100, 1900, 2050, 2100, 2100, 2200, 1300, 1350, 2200, 1850, 2050, 2250, 1100, 1850, 1200, 1100, 2350, 1250, 1100, 1250, 2000, 1200, 2100, 1850, 1050, 2200, 1700, 2050, 1150, 1150, 1100, 1150, 1900, 1200]
[58,32950,53]  Eval = 33008  Best Iteration = 378  Best Time = 8,125
-------------- Test #10 ---------------------
[1850, 1100, 1200, 1200, 2000, 1100, 2100, 2050, 1150, 1100, 1950, 2050, 2250, 2000, 1150, 2000, 1950, 1200, 1200, 1250, 2100, 1100, 2250, 1900, 2100, 2200, 1700, 1050, 2000, 1350, 1100, 1900, 2200, 2100, 1900, 1350, 2100, 2000, 1200, 1250, 1350, 2100, 2000, 1250, 1850, 2100, 2050, 1850, 1350, 2100, 1850, 1950, 1950, 1700, 1900, 1250, 1350, 1350, 1950, 2100, 1850, 1050, 2200, 1900, 1050, 2000, 1150, 1900, 1900, 1200, 2050, 1700, 1900, 1900, 1300, 1850, 1100, 1850, 1850, 2350, 1300, 2000, 2200, 2250, 2000, 1100, 1900, 1900, 2050, 2100, 1850, 1200, 1100, 1850, 2050, 1900, 2350, 1350, 1850, 2100, 1900, 1650, 1900, 2250, 1350, 1350, 1250, 1950, 2100, 1650, 1900, 1700, 1200, 1700, 2000, 2100, 1850, 1250, 1200, 1850, 2100, 2000, 1300, 1150, 1200, 2100]
[58,32950,53]  Eval = 33008  Best Iteration = 0  Best Time = 0,016