Problem = "prob08_2.txt"  Number Threads = 4  Time = 120
Params{m=8, maxLenght=15, lenghts=[3, 4, 5, 6, 7, 8, 9, 10], limits=[4, 8, 5, 7, 8, 5, 5, 8]}
-------------- Test #1 ---------------------
[4, 10, 10, 9, 10, 4, 4, 8, 10, 5, 6, 9, 5, 10, 4, 6, 6, 9, 6, 9, 7, 8, 10, 6, 4, 6, 7, 8, 7, 5, 10, 3, 9, 4, 4, 7, 7, 7, 3, 3, 6, 7, 8, 3, 4, 5, 8, 7, 5, 10]
[25,43,13]  Eval = 68  Best Iteration = 98  Best Time = 0,840
-------------- Test #2 ---------------------
[5, 8, 8, 7, 10, 9, 6, 4, 7, 4, 6, 9, 3, 9, 5, 6, 5, 10, 8, 7, 10, 4, 5, 4, 4, 7, 4, 7, 7, 3, 10, 6, 9, 7, 8, 9, 6, 3, 6, 6, 8, 7, 4, 10, 5, 10, 4, 10, 10, 3]
[24,28,12]  Eval = 52  Best Iteration = 1932  Best Time = 9,273
-------------- Test #3 ---------------------
[8, 7, 10, 7, 8, 7, 8, 10, 5, 7, 8, 5, 7, 4, 10, 9, 6, 10, 5, 9, 10, 3, 7, 6, 9, 4, 4, 10, 3, 3, 7, 6, 4, 9, 4, 4, 10, 6, 5, 4, 10, 5, 4, 6, 6, 9, 6, 3, 8, 7]
[25,43,14]  Eval = 68  Best Iteration = 15249  Best Time = 76,282
-------------- Test #4 ---------------------
[4, 10, 7, 8, 10, 4, 8, 7, 6, 9, 10, 9, 6, 6, 7, 10, 5, 3, 5, 10, 6, 5, 4, 7, 7, 6, 7, 3, 9, 6, 9, 10, 7, 8, 6, 8, 3, 5, 7, 10, 4, 4, 10, 5, 4, 4, 8, 3, 4, 9]
[25,43,15]  Eval = 68  Best Iteration = 3581  Best Time = 17,368
-------------- Test #5 ---------------------
[10, 3, 5, 4, 6, 4, 10, 5, 10, 4, 6, 3, 7, 8, 4, 10, 9, 7, 8, 3, 10, 4, 9, 6, 9, 9, 5, 10, 5, 4, 10, 7, 7, 6, 6, 8, 4, 7, 7, 8, 3, 4, 6, 9, 5, 10, 6, 8, 7, 7]
[24,28,15]  Eval = 52  Best Iteration = 12676  Best Time = 62,999
-------------- Test #6 ---------------------
[3, 9, 3, 6, 9, 6, 9, 3, 10, 8, 7, 4, 6, 4, 4, 7, 5, 10, 7, 10, 4, 10, 4, 10, 5, 8, 7, 5, 10, 5, 7, 7, 6, 9, 6, 9, 6, 3, 4, 8, 10, 7, 8, 5, 6, 4, 4, 10, 8, 7]
[24,28,10]  Eval = 52  Best Iteration = 2621  Best Time = 13,159
-------------- Test #7 ---------------------
[6, 4, 5, 10, 5, 9, 3, 10, 3, 9, 8, 4, 4, 7, 6, 6, 6, 7, 9, 7, 8, 6, 9, 3, 3, 6, 4, 10, 8, 7, 10, 5, 4, 7, 4, 5, 10, 10, 4, 4, 10, 7, 8, 6, 7, 8, 7, 9, 10, 5]
[25,43,14]  Eval = 68  Best Iteration = 1166  Best Time = 7,452
-------------- Test #8 ---------------------
[3, 10, 10, 7, 5, 5, 10, 4, 4, 6, 6, 9, 8, 7, 6, 7, 10, 5, 3, 9, 3, 6, 6, 7, 8, 7, 8, 10, 7, 4, 4, 8, 7, 9, 4, 9, 6, 10, 3, 4, 4, 7, 9, 5, 10, 4, 6, 8, 10, 5]
[24,28,12]  Eval = 52  Best Iteration = 21127  Best Time = 106,504
-------------- Test #9 ---------------------
[10, 8, 6, 7, 8, 4, 8, 3, 5, 10, 8, 7, 5, 10, 4, 10, 9, 4, 10, 5, 9, 6, 6, 9, 9, 7, 8, 9, 4, 6, 3, 6, 7, 4, 10, 5, 7, 4, 3, 10, 4, 3, 7, 4, 7, 7, 10, 5, 6, 6]
[24,28,12]  Eval = 52  Best Iteration = 9152  Best Time = 46,251
-------------- Test #10 ---------------------
[3, 10, 6, 7, 3, 6, 6, 4, 4, 7, 9, 6, 4, 9, 10, 4, 5, 9, 7, 7, 9, 6, 8, 7, 10, 4, 7, 7, 5, 10, 10, 10, 4, 6, 8, 10, 9, 6, 4, 10, 8, 7, 8, 5, 3, 8, 4, 5, 5, 3]
[24,28,15]  Eval = 52  Best Iteration = 14477  Best Time = 74,569