Problem = "prob03.txt"  Number Threads = 4  Time = 5
Params{m=3, maxLenght=9, lenghts=[2, 3, 4], limits=[20, 10, 20]}
-------------- Test #1 ---------------------
[4, 4, 4, 2, 3, 2, 2, 4, 3, 4, 2, 2, 4, 2, 2, 3, 2, 2, 4, 4, 4, 4, 4, 3, 2, 4, 4, 2, 3, 2, 4, 3, 2, 3, 2, 4, 2, 4, 3, 2, 4, 3, 2, 2, 4, 2, 3, 4, 2, 4]
[18,12,9]  Eval = 30  Best Iteration = 4  Best Time = 0,031
-------------- Test #2 ---------------------
[4, 2, 3, 4, 4, 2, 4, 2, 3, 2, 4, 3, 4, 2, 2, 4, 4, 4, 3, 2, 4, 2, 4, 3, 4, 4, 4, 3, 3, 2, 4, 2, 4, 2, 4, 4, 4, 2, 2, 3, 2, 4, 2, 3, 2, 2, 3, 2, 2, 2]
[18,12,9]  Eval = 30  Best Iteration = 0  Best Time = 0,000
-------------- Test #3 ---------------------
[4, 4, 4, 4, 2, 4, 2, 2, 4, 3, 2, 3, 4, 2, 2, 3, 2, 2, 4, 2, 2, 4, 2, 4, 4, 2, 4, 3, 4, 3, 4, 2, 3, 4, 2, 4, 4, 2, 4, 3, 3, 4, 2, 2, 3, 4, 3, 2, 2, 2]
[18,12,9]  Eval = 30  Best Iteration = 3  Best Time = 0,016
-------------- Test #4 ---------------------
[2, 2, 3, 2, 4, 2, 2, 2, 2, 4, 4, 4, 4, 2, 3, 3, 2, 4, 2, 2, 3, 2, 3, 4, 3, 4, 2, 4, 4, 4, 3, 2, 2, 3, 4, 2, 4, 3, 4, 4, 4, 4, 4, 2, 4, 3, 2, 2, 2, 4]
[18,12,9]  Eval = 30  Best Iteration = 29  Best Time = 0,062
-------------- Test #5 ---------------------
[2, 3, 2, 2, 2, 3, 4, 4, 4, 2, 4, 3, 4, 3, 2, 4, 2, 2, 4, 4, 4, 2, 2, 2, 3, 4, 3, 4, 2, 3, 2, 4, 4, 2, 2, 2, 4, 3, 2, 3, 4, 4, 4, 4, 4, 2, 4, 2, 2, 3]
[18,12,9]  Eval = 30  Best Iteration = 0  Best Time = 0,000
-------------- Test #6 ---------------------
[2, 4, 2, 4, 4, 4, 2, 2, 2, 4, 4, 4, 3, 2, 4, 4, 3, 2, 3, 2, 4, 2, 3, 2, 2, 2, 4, 2, 3, 2, 2, 2, 2, 3, 4, 2, 3, 4, 3, 2, 4, 4, 4, 4, 3, 4, 4, 3, 4, 2]
[18,12,9]  Eval = 30  Best Iteration = 7  Best Time = 0,016
-------------- Test #7 ---------------------
[4, 4, 3, 4, 2, 2, 4, 2, 2, 4, 2, 4, 2, 2, 3, 2, 4, 3, 4, 2, 2, 3, 4, 2, 3, 3, 3, 2, 4, 4, 4, 2, 4, 3, 4, 2, 3, 2, 4, 4, 4, 2, 4, 2, 4, 3, 2, 2, 2, 4]
[18,12,10]  Eval = 30  Best Iteration = 0  Best Time = 0,000
-------------- Test #8 ---------------------
[4, 4, 3, 4, 4, 2, 3, 3, 4, 2, 2, 2, 2, 3, 4, 4, 4, 2, 4, 2, 3, 4, 3, 2, 2, 2, 2, 2, 4, 4, 4, 3, 2, 4, 4, 4, 2, 2, 2, 2, 3, 2, 4, 2, 3, 2, 3, 4, 4, 4]
[18,12,9]  Eval = 30  Best Iteration = 0  Best Time = 0,000
-------------- Test #9 ---------------------
[2, 4, 3, 2, 3, 4, 4, 4, 2, 3, 4, 2, 4, 2, 4, 3, 2, 3, 2, 3, 4, 2, 2, 2, 2, 4, 3, 2, 2, 2, 2, 4, 4, 4, 3, 2, 4, 2, 4, 3, 4, 2, 3, 4, 2, 2, 4, 4, 4, 4]
[18,12,10]  Eval = 30  Best Iteration = 0  Best Time = 0,002
-------------- Test #10 ---------------------
[2, 2, 4, 2, 3, 4, 2, 3, 4, 4, 2, 3, 2, 3, 4, 4, 2, 4, 2, 3, 4, 4, 2, 3, 2, 2, 2, 4, 4, 2, 3, 3, 4, 2, 2, 2, 2, 3, 2, 3, 4, 4, 4, 4, 4, 4, 4, 2, 2, 4]
[18,12,8]  Eval = 30  Best Iteration = 0  Best Time = 0,000