Problem = prob24_2.txt  Number Threads = 4  Time = 300.0
Params{m=24, maxLenght=120, lenghts=[22, 23, 24, 26, 27, 28, 29, 30, 31, 36, 39, 41, 42, 48, 49, 50, 51, 54, 55, 56, 59, 60, 66, 67], limits=[12, 8, 27, 15, 25, 7, 10, 22, 5, 16, 19, 21, 26, 16, 12, 26, 20, 25, 9, 17, 22, 14, 17, 9]}
-------------- Test #1 ---------------------
[55, 39, 41, 67, 39, 39, 27, 41, 27, 26, 36, 27, 54, 49, 50, 50, 50, 42, 49, 54, 56, 29, 59, 22, 22, 23, 67, 22, 24, 27, 41, 66, 49, 41, 49, 50, 60, 41, 24, 51, 67, 36, 27, 55, 48, 66, 24, 39, 39, 39, 59, 30, 23, 67, 41, 30, 51, 39, 51, 29, 54, 56, 39, 51, 31, 60, 66, 50, 67, 39, 39, 30, 60, 60, 26, 60, 56, 60, 23, 66, 30, 41, 24, 42, 67, 41, 51, 30, 49, 41, 30, 60, 59, 27, 50, 26, 41, 48, 30, 48, 23, 50, 49, 60, 56, 36, 36, 28, 23, 56, 26, 30, 55, 24, 59, 54, 24, 59, 24, 42, 42, 48, 22, 51, 36, 27, 39, 54, 59, 24, 36, 27, 26, 42, 28, 50, 50, 39, 59, 51, 51, 51, 23, 59, 22, 51, 54, 50, 54, 48, 50, 59, 24, 27, 42, 66, 36, 51, 24, 42, 50, 50, 36, 41, 59, 36, 27, 24, 66, 30, 41, 29, 49, 54, 60, 56, 27, 27, 51, 66, 30, 51, 59, 60, 50, 42, 26, 30, 59, 42, 54, 56, 56, 59, 54, 24, 36, 31, 51, 66, 51, 39, 26, 23, 27, 27, 30, 59, 31, 66, 54, 30, 28, 60, 66, 42, 27, 54, 50, 48, 24, 24, 42, 26, 22, 49, 23, 49, 54, 48, 59, 24, 28, 41, 26, 29, 42, 27, 55, 50, 27, 26, 27, 50, 54, 39, 27, 42, 41, 59, 41, 67, 54, 49, 36, 28, 42, 41, 56, 55, 56, 30, 22, 66, 42, 49, 42, 50, 26, 26, 59, 22, 50, 41, 59, 41, 54, 30, 51, 28, 36, 48, 67, 55, 56, 54, 42, 48, 54, 24, 66, 42, 39, 27, 66, 54, 30, 50, 42, 29, 41, 41, 56, 50, 36, 26, 48, 48, 48, 24, 42, 66, 54, 26, 48, 29, 27, 50, 30, 29, 29, 27, 39, 66, 36, 50, 27, 22, 31, 51, 60, 26, 36, 27, 50, 31, 24, 42, 54, 24, 42, 55, 48, 56, 30, 48, 22, 36, 42, 55, 56, 24, 56, 60, 54, 59, 30, 67, 55, 41, 50, 30, 66, 49, 24, 29, 24, 42, 22, 30, 50, 51, 60, 24, 39, 59, 54, 42, 59, 54, 24, 42, 27, 59, 56, 28, 48, 51, 54, 30, 22, 51, 24, 24, 24, 29, 56, 39, 66, 39]
[167,2972,159]  Eval = 3139  Best Iteration = 1622  Best Time = 116,654
-------------- Test #2 ---------------------
[27, 50, 60, 59, 27, 50, 24, 27, 30, 36, 27, 48, 59, 36, 27, 39, 48, 59, 48, 24, 36, 30, 42, 27, 59, 54, 36, 23, 30, 56, 54, 59, 42, 50, 49, 42, 26, 60, 54, 41, 24, 54, 42, 29, 59, 27, 36, 26, 55, 42, 41, 36, 51, 59, 54, 41, 66, 54, 36, 42, 24, 24, 22, 66, 49, 24, 59, 24, 29, 39, 42, 67, 50, 36, 27, 42, 31, 24, 55, 30, 51, 49, 67, 66, 48, 41, 30, 50, 67, 50, 41, 42, 60, 28, 24, 24, 27, 42, 41, 66, 30, 30, 39, 24, 22, 48, 41, 54, 48, 36, 60, 30, 51, 60, 54, 26, 51, 41, 55, 66, 54, 60, 56, 67, 42, 60, 54, 66, 23, 22, 42, 24, 39, 30, 66, 24, 31, 48, 51, 27, 50, 42, 27, 24, 66, 36, 50, 55, 56, 30, 49, 24, 23, 51, 50, 55, 29, 49, 24, 51, 50, 28, 31, 26, 26, 66, 22, 49, 24, 27, 29, 59, 51, 39, 30, 66, 30, 54, 41, 28, 30, 50, 50, 29, 29, 42, 50, 24, 26, 24, 30, 48, 56, 59, 42, 39, 27, 51, 41, 27, 29, 27, 59, 55, 54, 54, 26, 56, 24, 49, 55, 42, 66, 50, 59, 28, 48, 67, 50, 66, 48, 30, 27, 30, 60, 24, 26, 26, 50, 29, 22, 26, 67, 26, 51, 39, 59, 41, 29, 39, 41, 56, 27, 66, 50, 36, 30, 50, 54, 30, 60, 60, 42, 48, 39, 41, 49, 48, 51, 66, 56, 41, 67, 50, 49, 56, 42, 56, 22, 50, 36, 27, 27, 24, 50, 54, 28, 51, 60, 41, 56, 49, 66, 30, 54, 22, 24, 24, 51, 51, 39, 60, 39, 55, 54, 39, 59, 42, 55, 48, 59, 24, 56, 36, 41, 56, 39, 39, 26, 54, 29, 49, 54, 51, 66, 56, 49, 27, 24, 39, 51, 59, 54, 39, 36, 22, 50, 54, 42, 41, 48, 26, 30, 60, 22, 54, 39, 59, 22, 42, 50, 50, 41, 30, 51, 27, 51, 54, 41, 59, 28, 42, 23, 67, 23, 59, 36, 22, 41, 66, 30, 27, 60, 67, 24, 50, 42, 28, 23, 42, 26, 27, 54, 31, 56, 39, 59, 41, 36, 56, 27, 23, 48, 59, 54, 22, 42, 51, 42, 56, 51, 48, 56, 39, 27, 50, 23, 31, 26, 59]
[168,3092,160]  Eval = 3260  Best Iteration = 13  Best Time = 0,891
-------------- Test #3 ---------------------
[23, 41, 50, 66, 48, 66, 24, 26, 30, 30, 29, 27, 51, 50, 55, 48, 36, 42, 42, 23, 41, 56, 60, 49, 36, 22, 28, 59, 29, 50, 60, 41, 26, 66, 67, 49, 42, 66, 26, 54, 54, 27, 30, 48, 27, 41, 49, 27, 39, 27, 55, 29, 39, 41, 59, 36, 41, 66, 30, 26, 29, 50, 30, 54, 54, 39, 51, 30, 24, 60, 41, 51, 39, 23, 56, 26, 36, 39, 55, 59, 24, 36, 42, 50, 59, 22, 49, 42, 24, 56, 26, 55, 56, 50, 50, 27, 27, 55, 27, 23, 67, 48, 36, 22, 24, 26, 50, 66, 59, 66, 22, 30, 31, 42, 59, 42, 27, 59, 51, 39, 55, 49, 42, 41, 30, 56, 31, 48, 28, 54, 66, 59, 41, 42, 26, 24, 56, 59, 48, 36, 50, 50, 48, 51, 55, 51, 48, 50, 27, 24, 24, 56, 48, 42, 66, 22, 66, 54, 66, 39, 51, 27, 60, 54, 24, 31, 26, 31, 54, 22, 60, 27, 24, 56, 24, 60, 60, 30, 28, 24, 54, 59, 28, 39, 56, 30, 59, 49, 54, 66, 54, 50, 67, 39, 50, 36, 23, 27, 22, 67, 55, 54, 60, 24, 54, 50, 49, 59, 24, 27, 42, 29, 48, 54, 27, 50, 24, 41, 27, 51, 66, 24, 56, 29, 39, 51, 42, 23, 41, 22, 26, 50, 27, 50, 51, 26, 66, 54, 60, 60, 49, 49, 22, 50, 39, 49, 54, 41, 54, 41, 50, 50, 48, 42, 36, 24, 24, 49, 39, 54, 66, 42, 42, 59, 54, 24, 30, 59, 59, 56, 51, 66, 24, 29, 41, 26, 30, 59, 59, 27, 67, 39, 42, 51, 56, 41, 49, 42, 42, 24, 30, 28, 39, 41, 36, 24, 50, 54, 56, 24, 27, 66, 56, 54, 50, 56, 27, 30, 41, 26, 30, 48, 42, 42, 28, 59, 30, 42, 48, 30, 26, 42, 22, 22, 39, 50, 31, 67, 50, 27, 67, 42, 39, 36, 27, 39, 54, 59, 50, 27, 41, 51, 30, 36, 29, 67, 30, 59, 59, 28, 51, 30, 39, 39, 41, 48, 54, 51, 51, 60, 56, 23, 30, 29, 36, 41, 67, 54, 26, 59, 27, 51, 36, 36, 24, 41, 50, 51, 48, 54, 60, 23, 60, 42, 51, 27, 24, 51, 24, 30, 56, 22, 36, 24, 29, 42, 48, 42, 55, 60]
[168,3092,153]  Eval = 3260  Best Iteration = 3658  Best Time = 280,642
-------------- Test #4 ---------------------
[26, 30, 42, 59, 29, 48, 42, 24, 56, 36, 67, 31, 59, 36, 24, 59, 24, 23, 30, 41, 24, 29, 59, 55, 39, 24, 22, 48, 54, 30, 27, 42, 30, 54, 51, 39, 50, 41, 49, 54, 49, 26, 27, 29, 27, 49, 48, 59, 24, 50, 49, 59, 54, 59, 60, 42, 60, 51, 51, 27, 49, 55, 56, 49, 24, 36, 27, 55, 27, 39, 41, 39, 42, 54, 24, 24, 24, 66, 49, 27, 51, 42, 67, 56, 39, 48, 24, 27, 56, 56, 50, 29, 41, 27, 60, 51, 41, 49, 26, 50, 27, 67, 39, 29, 66, 66, 49, 59, 29, 41, 36, 26, 30, 54, 54, 42, 51, 67, 42, 39, 30, 56, 23, 60, 30, 48, 36, 30, 26, 24, 22, 54, 56, 27, 56, 55, 60, 22, 27, 29, 67, 42, 67, 24, 66, 50, 51, 59, 59, 27, 42, 54, 24, 51, 27, 50, 50, 27, 22, 60, 39, 50, 36, 27, 36, 48, 42, 55, 22, 66, 26, 60, 24, 60, 50, 54, 54, 51, 50, 23, 56, 36, 27, 41, 48, 56, 39, 27, 24, 22, 36, 27, 36, 51, 42, 30, 30, 59, 24, 29, 48, 50, 54, 54, 39, 27, 54, 30, 31, 66, 41, 54, 54, 49, 59, 42, 67, 28, 66, 30, 60, 30, 39, 59, 28, 48, 55, 54, 50, 51, 42, 30, 36, 54, 27, 26, 42, 39, 26, 51, 56, 56, 41, 41, 22, 42, 50, 59, 48, 42, 42, 36, 24, 48, 27, 42, 67, 66, 51, 24, 30, 23, 41, 39, 29, 51, 55, 50, 54, 56, 39, 50, 22, 59, 48, 22, 41, 41, 59, 28, 30, 51, 31, 29, 59, 55, 49, 39, 23, 42, 66, 42, 39, 24, 54, 30, 60, 28, 22, 24, 50, 41, 27, 60, 42, 48, 26, 50, 54, 24, 24, 67, 54, 22, 59, 51, 48, 55, 41, 50, 26, 22, 66, 24, 66, 48, 26, 54, 31, 51, 48, 30, 28, 56, 23, 39, 54, 50, 26, 30, 49, 66, 50, 51, 42, 39, 24, 26, 60, 60, 59, 23, 66, 30, 30, 23, 56, 24, 36, 56, 27, 50, 41, 41, 31, 42, 30, 60, 42, 26, 41, 66, 27, 56, 36, 59, 51, 66, 50, 66, 50, 36, 39, 28, 50, 51, 41, 59, 42, 26, 50, 66, 41, 59, 36, 41, 24, 28, 54, 50]
[167,2972,162]  Eval = 3139  Best Iteration = 108  Best Time = 8,825
-------------- Test #5 ---------------------
[24, 24, 28, 30, 60, 50, 59, 42, 26, 42, 24, 50, 22, 28, 54, 55, 39, 24, 55, 51, 27, 60, 42, 51, 36, 51, 39, 24, 24, 59, 42, 67, 22, 59, 41, 39, 27, 66, 27, 50, 23, 30, 56, 39, 50, 56, 66, 24, 51, 27, 29, 60, 29, 36, 59, 54, 23, 24, 41, 48, 29, 42, 41, 54, 24, 36, 39, 67, 56, 59, 50, 51, 30, 66, 41, 48, 24, 56, 49, 59, 51, 50, 66, 42, 24, 27, 66, 54, 30, 59, 41, 39, 54, 42, 55, 50, 42, 36, 49, 51, 36, 24, 60, 30, 59, 22, 54, 49, 54, 56, 27, 22, 51, 67, 30, 66, 42, 59, 60, 23, 39, 36, 24, 24, 67, 41, 39, 49, 51, 24, 28, 42, 26, 59, 55, 54, 55, 51, 67, 27, 26, 24, 49, 56, 56, 41, 51, 59, 54, 27, 54, 36, 30, 50, 60, 41, 24, 24, 26, 36, 55, 29, 41, 29, 30, 54, 22, 29, 51, 59, 30, 27, 54, 27, 27, 29, 54, 42, 28, 54, 24, 24, 48, 36, 51, 56, 41, 30, 51, 24, 59, 39, 50, 49, 24, 23, 54, 39, 60, 66, 41, 59, 24, 36, 56, 49, 36, 26, 49, 49, 67, 42, 56, 56, 50, 27, 30, 24, 30, 28, 22, 60, 54, 26, 30, 39, 56, 26, 30, 54, 59, 54, 55, 39, 66, 49, 59, 59, 67, 39, 41, 42, 42, 30, 42, 27, 27, 26, 28, 22, 41, 26, 23, 39, 27, 22, 56, 56, 50, 54, 50, 36, 66, 48, 51, 48, 59, 28, 30, 51, 54, 29, 39, 22, 66, 42, 26, 42, 42, 41, 60, 66, 50, 50, 31, 26, 30, 66, 49, 41, 30, 48, 41, 50, 55, 51, 36, 31, 48, 24, 26, 23, 27, 42, 54, 66, 31, 27, 48, 42, 41, 27, 48, 48, 42, 36, 24, 23, 54, 26, 42, 29, 39, 27, 36, 56, 50, 60, 60, 48, 27, 42, 27, 22, 27, 30, 41, 41, 50, 41, 29, 36, 50, 31, 26, 50, 56, 39, 66, 50, 22, 22, 51, 50, 59, 41, 48, 42, 60, 42, 23, 31, 27, 39, 54, 50, 67, 39, 66, 48, 27, 48, 55, 42, 49, 66, 48, 30, 27, 54, 26, 51, 59, 56, 50, 66, 54, 24, 48, 59, 50, 60, 67, 30, 50, 60, 59, 50, 51, 30]
[166,2852,157]  Eval = 3018  Best Iteration = 22  Best Time = 1,594
-------------- Test #6 ---------------------
[67, 41, 42, 31, 30, 50, 36, 50, 30, 54, 60, 30, 55, 50, 41, 54, 49, 30, 66, 59, 27, 29, 50, 27, 41, 30, 24, 66, 50, 51, 50, 39, 23, 59, 41, 51, 51, 41, 54, 24, 24, 24, 48, 48, 28, 27, 60, 54, 36, 29, 54, 41, 28, 50, 55, 30, 56, 30, 60, 56, 23, 39, 42, 36, 24, 51, 27, 49, 42, 41, 26, 26, 39, 51, 51, 27, 24, 42, 26, 42, 24, 56, 42, 28, 49, 39, 36, 50, 39, 36, 56, 36, 50, 54, 36, 36, 24, 54, 66, 54, 48, 41, 22, 26, 49, 22, 22, 29, 41, 39, 41, 67, 59, 36, 41, 60, 23, 41, 42, 27, 56, 50, 54, 48, 60, 50, 54, 54, 51, 49, 59, 39, 48, 29, 55, 27, 50, 59, 54, 66, 31, 24, 55, 59, 27, 24, 50, 54, 59, 30, 36, 67, 56, 60, 59, 48, 26, 66, 30, 42, 50, 39, 24, 66, 54, 29, 22, 67, 54, 30, 41, 42, 26, 42, 42, 27, 60, 36, 56, 51, 31, 56, 42, 51, 23, 30, 42, 27, 48, 67, 56, 59, 66, 36, 60, 26, 66, 60, 24, 24, 60, 42, 22, 41, 39, 27, 26, 49, 36, 49, 36, 30, 24, 24, 66, 27, 39, 59, 67, 54, 54, 23, 28, 42, 22, 51, 23, 48, 50, 24, 66, 48, 59, 30, 60, 55, 41, 51, 42, 49, 50, 50, 27, 29, 39, 30, 41, 24, 51, 56, 51, 54, 29, 27, 51, 56, 42, 39, 42, 66, 27, 24, 24, 27, 48, 26, 50, 36, 54, 22, 30, 51, 59, 66, 50, 59, 24, 24, 30, 59, 49, 42, 23, 27, 39, 41, 24, 59, 48, 67, 48, 48, 30, 59, 51, 51, 22, 49, 41, 66, 39, 30, 23, 30, 42, 59, 22, 22, 26, 42, 60, 59, 54, 55, 42, 39, 27, 55, 27, 24, 54, 26, 51, 50, 56, 60, 39, 22, 24, 66, 26, 67, 48, 27, 42, 56, 59, 26, 55, 50, 59, 56, 50, 56, 28, 55, 54, 49, 27, 27, 29, 36, 30, 30, 42, 66, 31, 54, 29, 29, 24, 27, 54, 51, 39, 28, 49, 60, 27, 28, 56, 50, 59, 48, 39, 30, 56, 41, 48, 39, 50, 59, 67, 26, 42, 41, 24, 22, 51, 41, 26, 27, 50, 31, 42, 24, 54, 66, 50, 66]
[168,3092,163]  Eval = 3260  Best Iteration = 390  Best Time = 29,738
-------------- Test #7 ---------------------
[42, 60, 36, 26, 28, 24, 51, 42, 54, 28, 24, 28, 48, 51, 36, 41, 41, 55, 24, 48, 67, 26, 39, 48, 27, 39, 66, 26, 54, 54, 67, 41, 27, 41, 59, 36, 24, 26, 30, 54, 42, 66, 27, 24, 56, 67, 22, 60, 60, 36, 39, 41, 50, 24, 24, 22, 59, 54, 27, 60, 66, 22, 30, 55, 50, 41, 41, 59, 56, 27, 30, 48, 29, 22, 51, 49, 24, 29, 67, 36, 51, 66, 26, 27, 24, 56, 59, 54, 54, 55, 66, 24, 23, 41, 49, 24, 66, 66, 50, 39, 27, 51, 39, 42, 24, 59, 36, 50, 67, 54, 24, 59, 51, 60, 50, 26, 24, 39, 41, 39, 56, 50, 54, 27, 56, 42, 41, 27, 42, 22, 31, 54, 30, 29, 56, 36, 48, 31, 59, 27, 56, 50, 36, 60, 42, 24, 48, 59, 54, 49, 59, 31, 29, 66, 39, 49, 42, 27, 42, 55, 36, 50, 66, 56, 29, 31, 51, 50, 56, 26, 30, 26, 51, 42, 22, 66, 59, 55, 54, 27, 22, 42, 42, 41, 49, 23, 26, 30, 22, 51, 24, 42, 42, 27, 48, 22, 56, 30, 48, 54, 42, 48, 66, 54, 41, 41, 23, 29, 59, 30, 67, 48, 50, 41, 42, 50, 39, 50, 30, 59, 22, 24, 50, 54, 49, 49, 59, 41, 51, 26, 50, 24, 24, 42, 23, 24, 24, 50, 56, 27, 26, 55, 51, 27, 24, 59, 39, 66, 54, 36, 60, 55, 24, 39, 48, 59, 30, 51, 56, 48, 42, 67, 39, 54, 27, 39, 49, 30, 56, 60, 60, 26, 30, 41, 59, 60, 42, 51, 27, 30, 56, 27, 30, 50, 50, 39, 50, 28, 22, 39, 54, 42, 42, 50, 66, 36, 51, 30, 67, 30, 54, 23, 30, 30, 28, 51, 59, 54, 23, 56, 39, 50, 54, 48, 27, 36, 59, 22, 23, 39, 27, 51, 49, 39, 51, 26, 60, 54, 50, 48, 26, 50, 42, 60, 55, 49, 51, 31, 50, 56, 50, 24, 59, 27, 67, 36, 30, 51, 28, 56, 24, 54, 60, 42, 41, 48, 29, 54, 42, 55, 54, 42, 26, 66, 51, 41, 49, 30, 48, 59, 29, 30, 66, 27, 27, 36, 49, 50, 41, 41, 66, 66, 36, 28, 27, 60, 50, 24, 59, 41, 27, 36, 39, 30, 29, 29, 59, 24, 42, 23]
[168,3092,161]  Eval = 3260  Best Iteration = 168  Best Time = 12,248
-------------- Test #8 ---------------------
[24, 29, 67, 24, 30, 50, 29, 55, 23, 56, 49, 66, 26, 59, 66, 50, 26, 48, 24, 27, 48, 30, 60, 26, 28, 24, 48, 55, 59, 50, 41, 23, 24, 30, 31, 60, 51, 50, 60, 60, 50, 59, 27, 23, 42, 55, 41, 67, 50, 24, 31, 27, 22, 66, 41, 31, 36, 26, 42, 55, 51, 26, 24, 28, 29, 51, 22, 23, 24, 67, 51, 56, 51, 67, 60, 30, 30, 26, 39, 56, 60, 66, 39, 48, 55, 24, 51, 24, 48, 27, 22, 60, 49, 48, 27, 56, 49, 48, 56, 56, 30, 66, 23, 54, 28, 30, 54, 36, 42, 59, 50, 56, 51, 54, 50, 59, 42, 26, 41, 29, 55, 48, 54, 39, 66, 55, 39, 22, 36, 66, 29, 30, 54, 56, 48, 48, 42, 29, 56, 42, 41, 41, 50, 27, 41, 60, 49, 56, 56, 51, 54, 42, 27, 50, 50, 66, 59, 22, 67, 27, 59, 54, 24, 27, 26, 42, 51, 66, 30, 42, 27, 24, 24, 66, 50, 54, 30, 41, 42, 39, 26, 41, 39, 42, 59, 22, 59, 51, 24, 41, 51, 30, 24, 24, 42, 36, 39, 22, 23, 50, 42, 24, 30, 60, 54, 59, 24, 67, 36, 51, 30, 36, 28, 50, 36, 55, 51, 27, 54, 54, 42, 42, 41, 30, 41, 41, 59, 54, 36, 28, 54, 22, 42, 54, 48, 39, 59, 36, 42, 50, 39, 59, 56, 56, 59, 30, 67, 54, 39, 26, 51, 50, 54, 30, 54, 39, 60, 36, 42, 49, 50, 49, 55, 54, 49, 51, 41, 27, 41, 49, 50, 36, 24, 56, 30, 41, 24, 27, 50, 28, 24, 66, 27, 36, 41, 50, 31, 50, 49, 42, 36, 56, 41, 54, 39, 50, 42, 23, 50, 66, 51, 36, 31, 26, 27, 59, 48, 66, 66, 39, 67, 24, 27, 27, 24, 42, 60, 24, 39, 41, 66, 41, 60, 59, 27, 27, 42, 22, 60, 48, 36, 30, 59, 26, 24, 27, 51, 27, 49, 50, 39, 59, 28, 48, 42, 30, 67, 42, 54, 60, 42, 22, 59, 56, 51, 39, 54, 26, 51, 51, 59, 22, 66, 36, 56, 54, 29, 50, 49, 26, 50, 29, 54, 27, 27, 29, 49, 24, 27, 30, 27, 39, 59, 29, 48, 41, 42, 22, 30, 23, 30, 59, 39, 26, 48, 39, 54, 24, 66, 54]
[167,2972,161]  Eval = 3139  Best Iteration = 1243  Best Time = 102,817
-------------- Test #9 ---------------------
[60, 24, 27, 49, 24, 24, 51, 54, 30, 55, 27, 36, 48, 56, 50, 24, 54, 27, 56, 29, 56, 29, 66, 28, 50, 59, 51, 23, 30, 55, 51, 41, 67, 49, 56, 51, 49, 54, 55, 24, 50, 22, 56, 36, 41, 26, 67, 42, 51, 48, 60, 50, 29, 31, 54, 50, 36, 24, 30, 54, 27, 59, 60, 27, 66, 48, 56, 42, 24, 48, 50, 66, 66, 24, 23, 59, 30, 60, 27, 24, 56, 24, 39, 27, 59, 30, 30, 22, 42, 24, 27, 41, 51, 30, 24, 54, 59, 27, 59, 59, 30, 22, 39, 67, 42, 55, 29, 26, 48, 54, 54, 24, 26, 39, 48, 50, 26, 23, 42, 67, 42, 42, 26, 28, 24, 56, 66, 42, 49, 54, 23, 50, 24, 22, 22, 59, 24, 29, 50, 48, 56, 66, 51, 30, 36, 42, 39, 48, 41, 41, 41, 27, 39, 36, 24, 36, 50, 54, 39, 67, 36, 30, 42, 59, 27, 22, 54, 36, 30, 51, 54, 23, 30, 66, 60, 30, 59, 48, 39, 26, 51, 49, 39, 26, 54, 66, 28, 27, 51, 54, 30, 56, 36, 49, 29, 36, 42, 49, 36, 50, 49, 42, 59, 39, 51, 60, 56, 59, 24, 30, 41, 36, 26, 51, 27, 26, 42, 59, 27, 31, 67, 41, 50, 48, 66, 49, 30, 51, 29, 56, 39, 26, 51, 41, 50, 54, 67, 66, 42, 51, 28, 54, 59, 27, 42, 27, 55, 54, 26, 50, 42, 66, 42, 51, 66, 41, 56, 60, 56, 42, 22, 24, 66, 41, 51, 48, 67, 50, 24, 28, 60, 66, 24, 42, 54, 41, 41, 39, 30, 23, 66, 54, 42, 67, 41, 42, 26, 55, 41, 60, 27, 49, 49, 55, 41, 50, 41, 50, 51, 29, 60, 48, 42, 22, 36, 23, 41, 54, 54, 36, 48, 28, 31, 60, 39, 66, 51, 50, 24, 55, 24, 50, 66, 42, 41, 27, 54, 42, 29, 55, 24, 39, 39, 50, 42, 28, 48, 30, 59, 39, 27, 50, 22, 59, 30, 50, 27, 56, 27, 54, 23, 27, 22, 26, 26, 36, 36, 56, 50, 30, 39, 27, 54, 39, 50, 41, 54, 39, 31, 42, 30, 24, 29, 60, 59, 24, 50, 27, 41, 56, 59, 31, 59, 49, 24, 59, 30, 50, 48, 60, 26, 59, 51, 22, 60, 39, 27, 22, 59, 48]
[167,2972,162]  Eval = 3139  Best Iteration = 123  Best Time = 9,055
-------------- Test #10 ---------------------
[50, 41, 30, 60, 28, 27, 59, 29, 30, 50, 22, 27, 42, 42, 30, 27, 56, 50, 30, 42, 24, 30, 56, 49, 24, 60, 54, 30, 41, 54, 54, 48, 60, 28, 55, 56, 42, 39, 27, 50, 54, 30, 41, 60, 39, 42, 22, 24, 48, 22, 41, 23, 28, 24, 42, 51, 54, 66, 41, 55, 60, 39, 59, 49, 22, 56, 36, 39, 39, 36, 22, 67, 27, 24, 48, 36, 50, 59, 67, 27, 24, 66, 59, 27, 59, 24, 55, 59, 50, 39, 27, 48, 56, 54, 66, 66, 51, 27, 42, 23, 48, 24, 51, 31, 30, 51, 67, 27, 26, 55, 60, 26, 48, 50, 27, 56, 59, 29, 27, 31, 42, 24, 42, 26, 66, 41, 54, 49, 39, 24, 67, 36, 51, 36, 51, 54, 54, 29, 54, 59, 24, 41, 56, 54, 56, 30, 59, 23, 51, 41, 49, 39, 30, 41, 24, 24, 66, 49, 24, 27, 59, 66, 50, 50, 51, 24, 56, 39, 28, 27, 59, 26, 55, 36, 56, 51, 27, 67, 59, 51, 41, 28, 31, 54, 49, 51, 54, 39, 24, 24, 27, 48, 54, 56, 59, 56, 24, 54, 59, 41, 24, 54, 27, 41, 27, 24, 55, 48, 49, 36, 26, 42, 48, 26, 24, 66, 42, 36, 42, 29, 29, 60, 39, 48, 49, 67, 67, 30, 39, 66, 30, 22, 30, 24, 66, 26, 66, 39, 36, 39, 59, 39, 50, 27, 49, 67, 50, 29, 51, 29, 26, 30, 50, 29, 54, 59, 66, 60, 50, 60, 36, 30, 22, 36, 24, 60, 50, 56, 50, 31, 59, 54, 54, 26, 50, 42, 30, 27, 27, 59, 56, 66, 41, 42, 51, 23, 24, 22, 60, 67, 59, 56, 27, 23, 42, 60, 22, 41, 42, 36, 29, 48, 41, 51, 26, 42, 42, 59, 51, 50, 50, 27, 27, 22, 55, 30, 39, 23, 28, 42, 51, 26, 50, 55, 26, 51, 55, 48, 42, 54, 48, 26, 39, 66, 54, 54, 39, 50, 41, 42, 23, 51, 41, 49, 22, 50, 41, 66, 26, 36, 23, 50, 56, 66, 50, 59, 26, 51, 24, 30, 50, 56, 66, 54, 30, 30, 27, 60, 36, 24, 48, 36, 49, 54, 48, 28, 42, 41, 42, 31, 41, 54, 36, 42, 29, 22, 30, 60, 42, 50, 24, 30, 48, 39, 50, 49, 51, 59, 42, 41]
[168,3092,163]  Eval = 3260  Best Iteration = 789  Best Time = 56,823