Problem = prob24_1.txt  Number Threads = 4  Time = 120.0
Params{m=24, maxLenght=120, lenghts=[22, 26, 27, 28, 29, 30, 31, 32, 34, 36, 37, 38, 39, 46, 47, 48, 52, 53, 54, 56, 58, 60, 63, 64], limits=[6, 3, 14, 12, 9, 15, 11, 10, 11, 13, 4, 3, 6, 14, 7, 3, 14, 9, 7, 3, 5, 14, 4, 3]}
-------------- Test #1 ---------------------
[29, 39, 30, 31, 28, 52, 47, 27, 46, 30, 29, 53, 60, 36, 46, 32, 28, 56, 32, 31, 37, 56, 22, 34, 28, 58, 46, 32, 58, 30, 53, 37, 60, 53, 39, 46, 29, 28, 28, 27, 36, 27, 36, 29, 63, 46, 53, 53, 36, 30, 26, 54, 32, 22, 60, 52, 22, 28, 48, 56, 58, 34, 27, 36, 36, 30, 53, 46, 36, 26, 27, 60, 63, 47, 30, 46, 46, 31, 52, 60, 30, 32, 36, 58, 47, 22, 39, 31, 60, 34, 52, 29, 39, 39, 34, 27, 37, 52, 30, 54, 29, 52, 46, 31, 27, 60, 34, 34, 32, 29, 47, 34, 36, 64, 48, 60, 54, 36, 54, 27, 27, 28, 46, 27, 28, 30, 32, 30, 31, 32, 36, 63, 30, 29, 60, 31, 31, 31, 53, 34, 36, 31, 54, 28, 22, 60, 47, 34, 54, 52, 63, 60, 32, 30, 27, 28, 27, 47, 47, 30, 27, 52, 27, 46, 52, 58, 30, 34, 53, 48, 52, 46, 64, 54, 32, 30, 60, 60, 52, 39, 46, 64, 38, 60, 52, 28, 34, 38, 22, 38, 28, 52, 37, 53, 31, 36, 52, 46, 26, 29]
[78,1284,71]  Eval = 1362  Best Iteration = 15  Best Time = 0,485
-------------- Test #2 ---------------------
[30, 28, 32, 27, 46, 30, 53, 36, 52, 53, 52, 48, 52, 60, 30, 52, 31, 60, 26, 46, 27, 39, 30, 52, 34, 60, 27, 32, 52, 30, 60, 27, 32, 31, 47, 28, 54, 52, 63, 48, 29, 46, 28, 60, 56, 39, 22, 34, 60, 36, 31, 31, 34, 46, 22, 27, 34, 28, 54, 34, 36, 47, 54, 30, 52, 47, 28, 58, 58, 39, 31, 46, 36, 48, 34, 36, 52, 47, 28, 30, 27, 31, 28, 60, 32, 29, 28, 22, 30, 53, 28, 26, 38, 32, 46, 34, 60, 37, 27, 36, 46, 60, 53, 60, 38, 47, 58, 56, 36, 46, 58, 30, 34, 27, 46, 46, 60, 27, 46, 37, 27, 36, 27, 29, 32, 52, 30, 22, 30, 29, 29, 64, 47, 34, 38, 30, 27, 39, 34, 36, 28, 56, 52, 47, 22, 60, 36, 37, 63, 32, 28, 53, 29, 46, 30, 36, 60, 46, 64, 39, 63, 54, 54, 39, 30, 46, 36, 63, 28, 64, 31, 53, 32, 29, 27, 32, 29, 27, 36, 53, 52, 53, 31, 52, 37, 31, 34, 31, 31, 52, 30, 32, 26, 53, 54, 60, 29, 22, 54, 58]
[77,1164,74]  Eval = 1241  Best Iteration = 764  Best Time = 20,731
-------------- Test #3 ---------------------
[27, 52, 32, 31, 48, 39, 22, 29, 34, 29, 46, 32, 30, 60, 47, 54, 27, 36, 46, 64, 31, 39, 56, 30, 34, 34, 38, 27, 28, 53, 30, 54, 63, 31, 29, 26, 31, 32, 47, 29, 52, 32, 30, 46, 52, 53, 31, 60, 28, 53, 60, 37, 37, 63, 31, 37, 60, 30, 52, 27, 53, 53, 54, 60, 53, 46, 28, 27, 64, 28, 60, 27, 52, 31, 32, 36, 36, 36, 30, 30, 60, 29, 27, 28, 36, 64, 26, 22, 26, 52, 36, 46, 60, 30, 32, 22, 31, 60, 28, 54, 56, 34, 60, 39, 54, 30, 38, 27, 56, 54, 47, 46, 37, 47, 29, 52, 52, 52, 32, 36, 28, 52, 31, 27, 60, 60, 36, 36, 58, 63, 29, 28, 30, 54, 48, 39, 36, 46, 60, 34, 47, 29, 30, 28, 30, 34, 28, 22, 34, 36, 27, 58, 58, 34, 31, 34, 29, 47, 52, 63, 28, 46, 39, 28, 52, 34, 30, 32, 53, 46, 52, 27, 46, 46, 58, 27, 22, 31, 27, 34, 22, 53, 60, 46, 39, 32, 58, 52, 46, 48, 46, 30, 53, 36, 32, 47, 38, 30, 36, 27]
[77,1164,71]  Eval = 1241  Best Iteration = 463  Best Time = 12,538
-------------- Test #4 ---------------------
[52, 60, 34, 34, 38, 58, 52, 60, 54, 31, 31, 32, 46, 64, 29, 37, 52, 60, 46, 34, 39, 52, 36, 27, 27, 52, 39, 52, 46, 22, 46, 27, 26, 28, 30, 46, 26, 52, 52, 56, 48, 32, 60, 46, 34, 29, 47, 53, 52, 37, 34, 37, 38, 36, 53, 46, 53, 58, 32, 58, 60, 37, 30, 28, 27, 31, 30, 47, 30, 22, 31, 52, 31, 27, 34, 27, 53, 60, 36, 28, 38, 31, 52, 28, 54, 60, 31, 46, 54, 29, 34, 46, 56, 48, 60, 27, 30, 36, 32, 52, 36, 60, 34, 36, 30, 22, 32, 34, 30, 31, 30, 30, 53, 29, 29, 27, 28, 29, 22, 28, 39, 60, 60, 64, 28, 46, 36, 27, 47, 46, 28, 60, 54, 36, 22, 58, 52, 53, 64, 36, 46, 54, 32, 30, 47, 63, 26, 36, 53, 46, 60, 30, 28, 39, 52, 63, 36, 30, 53, 47, 27, 29, 27, 31, 28, 27, 60, 36, 29, 58, 63, 46, 53, 47, 63, 27, 30, 31, 36, 30, 34, 22, 48, 34, 39, 27, 31, 54, 32, 28, 32, 32, 30, 32, 54, 29, 47, 28, 39, 56]
[77,1164,72]  Eval = 1241  Best Iteration = 54  Best Time = 1,573
-------------- Test #5 ---------------------
[39, 64, 60, 37, 34, 27, 46, 30, 54, 38, 27, 29, 39, 26, 52, 30, 58, 29, 47, 52, 32, 52, 53, 46, 52, 28, 30, 47, 46, 27, 31, 34, 22, 53, 36, 27, 58, 31, 56, 34, 29, 36, 31, 47, 27, 29, 54, 53, 56, 30, 27, 39, 28, 31, 54, 36, 52, 32, 47, 52, 60, 28, 27, 31, 28, 34, 32, 46, 27, 36, 53, 30, 29, 30, 38, 58, 27, 37, 60, 30, 46, 36, 53, 36, 60, 53, 31, 28, 60, 30, 34, 34, 31, 29, 27, 32, 46, 46, 46, 31, 47, 34, 32, 36, 52, 36, 60, 36, 22, 52, 36, 30, 54, 34, 32, 37, 31, 60, 52, 46, 63, 32, 39, 48, 58, 32, 63, 60, 47, 30, 34, 32, 60, 27, 27, 60, 27, 22, 54, 60, 53, 64, 28, 22, 46, 29, 48, 30, 31, 22, 54, 29, 60, 29, 63, 39, 53, 38, 28, 37, 46, 28, 30, 36, 32, 56, 30, 34, 28, 63, 27, 54, 60, 52, 46, 30, 36, 36, 30, 46, 52, 53, 48, 64, 28, 39, 22, 31, 60, 52, 46, 47, 26, 28, 58, 52, 34, 28, 52, 26]
[78,1284,73]  Eval = 1362  Best Iteration = 2284  Best Time = 61,290
-------------- Test #6 ---------------------
[37, 31, 52, 39, 46, 34, 31, 34, 34, 34, 26, 58, 28, 46, 52, 53, 58, 60, 48, 22, 46, 31, 53, 28, 46, 54, 52, 28, 32, 28, 30, 54, 30, 31, 48, 60, 31, 28, 46, 46, 28, 28, 54, 54, 27, 31, 30, 39, 36, 30, 29, 60, 38, 27, 36, 46, 54, 53, 30, 22, 47, 60, 60, 52, 60, 36, 52, 60, 60, 46, 32, 63, 37, 39, 26, 30, 36, 27, 53, 60, 56, 29, 46, 31, 34, 52, 63, 53, 36, 27, 53, 52, 30, 53, 30, 22, 28, 48, 30, 32, 46, 36, 52, 31, 27, 28, 60, 47, 32, 27, 32, 46, 37, 63, 56, 54, 27, 29, 63, 31, 30, 29, 29, 34, 32, 34, 37, 36, 53, 60, 26, 52, 54, 30, 36, 36, 47, 28, 22, 38, 27, 34, 58, 36, 30, 31, 52, 53, 39, 56, 60, 30, 27, 34, 52, 30, 47, 64, 27, 47, 36, 27, 27, 29, 46, 46, 31, 27, 52, 29, 39, 52, 29, 30, 60, 47, 46, 27, 36, 58, 64, 32, 28, 28, 52, 34, 29, 32, 34, 38, 47, 60, 22, 39, 64, 32, 36, 32, 22, 58]
[77,1164,72]  Eval = 1241  Best Iteration = 1716  Best Time = 50,229
-------------- Test #7 ---------------------
[27, 38, 27, 60, 52, 39, 47, 34, 31, 54, 22, 60, 46, 60, 22, 29, 52, 52, 52, 46, 46, 46, 53, 32, 22, 56, 39, 34, 30, 46, 30, 52, 30, 47, 32, 46, 36, 60, 30, 56, 29, 37, 53, 30, 39, 47, 27, 36, 63, 34, 31, 34, 28, 38, 54, 36, 28, 53, 36, 52, 58, 30, 48, 60, 34, 31, 37, 60, 60, 28, 46, 30, 30, 52, 32, 29, 26, 63, 30, 60, 22, 32, 29, 54, 31, 31, 30, 27, 27, 31, 26, 28, 34, 52, 52, 39, 28, 60, 36, 52, 60, 64, 46, 27, 27, 54, 30, 60, 54, 58, 30, 46, 32, 52, 58, 46, 31, 36, 29, 30, 27, 28, 53, 36, 36, 64, 34, 28, 28, 58, 36, 27, 60, 31, 56, 53, 29, 47, 29, 46, 27, 30, 36, 46, 60, 36, 31, 46, 63, 28, 63, 52, 54, 58, 60, 36, 36, 26, 52, 47, 32, 39, 53, 31, 27, 34, 52, 28, 32, 48, 39, 37, 34, 28, 27, 48, 31, 27, 38, 54, 46, 47, 47, 37, 29, 27, 28, 22, 34, 29, 34, 32, 22, 32, 53, 32, 64, 53, 53, 30]
[77,1164,73]  Eval = 1241  Best Iteration = 1320  Best Time = 37,440
-------------- Test #8 ---------------------
[27, 34, 53, 60, 38, 31, 58, 46, 52, 53, 52, 34, 22, 27, 39, 28, 52, 30, 37, 52, 30, 29, 30, 34, 26, 36, 27, 54, 27, 58, 26, 34, 46, 31, 22, 48, 22, 26, 60, 36, 30, 27, 46, 38, 36, 28, 46, 30, 28, 28, 32, 60, 52, 60, 60, 54, 28, 36, 36, 46, 54, 32, 54, 60, 34, 56, 36, 27, 30, 46, 32, 31, 30, 27, 28, 52, 47, 63, 46, 36, 54, 46, 29, 39, 28, 63, 52, 34, 30, 39, 53, 58, 32, 53, 60, 36, 52, 27, 29, 47, 34, 46, 64, 31, 52, 32, 54, 31, 48, 32, 52, 34, 34, 53, 48, 32, 27, 46, 58, 58, 39, 52, 46, 39, 30, 64, 53, 53, 52, 36, 60, 22, 60, 29, 22, 53, 52, 30, 36, 52, 29, 32, 30, 28, 38, 28, 37, 60, 54, 27, 47, 31, 63, 37, 47, 46, 36, 31, 27, 47, 29, 29, 28, 46, 30, 27, 60, 22, 60, 27, 31, 46, 30, 28, 30, 31, 56, 29, 47, 34, 32, 31, 36, 56, 64, 31, 30, 28, 39, 63, 47, 37, 29, 60, 36, 34, 53, 27, 60, 32]
[77,1164,74]  Eval = 1241  Best Iteration = 196  Best Time = 5,132
-------------- Test #9 ---------------------
[46, 46, 26, 38, 36, 27, 60, 52, 60, 34, 37, 39, 48, 60, 53, 52, 27, 30, 48, 34, 31, 36, 56, 29, 64, 54, 28, 32, 60, 32, 64, 52, 63, 36, 37, 34, 47, 22, 39, 52, 31, 34, 34, 31, 30, 30, 28, 53, 60, 29, 31, 53, 31, 36, 30, 52, 30, 60, 22, 31, 29, 53, 27, 48, 31, 34, 29, 64, 27, 46, 47, 52, 38, 32, 52, 37, 31, 46, 54, 46, 47, 54, 30, 27, 63, 52, 58, 46, 28, 36, 30, 34, 28, 63, 27, 60, 52, 46, 36, 36, 53, 26, 56, 38, 36, 31, 56, 32, 32, 53, 60, 22, 27, 36, 32, 32, 34, 27, 58, 52, 22, 28, 39, 30, 28, 29, 34, 28, 27, 36, 54, 58, 32, 30, 37, 46, 28, 60, 52, 28, 60, 29, 58, 47, 32, 47, 46, 31, 34, 46, 31, 47, 30, 27, 29, 39, 39, 36, 58, 60, 60, 36, 52, 30, 54, 27, 30, 60, 28, 46, 27, 26, 32, 52, 60, 39, 46, 46, 28, 52, 27, 30, 30, 22, 54, 53, 46, 34, 29, 28, 29, 54, 27, 53, 53, 22, 47, 30, 63, 36]
[77,1164,67]  Eval = 1241  Best Iteration = 2159  Best Time = 59,997
-------------- Test #10 ---------------------
[63, 26, 60, 22, 56, 63, 46, 36, 48, 47, 27, 36, 52, 22, 39, 30, 32, 34, 46, 27, 27, 47, 48, 31, 34, 52, 34, 28, 27, 36, 54, 32, 31, 31, 53, 31, 32, 22, 46, 52, 53, 53, 37, 29, 58, 54, 37, 47, 53, 58, 27, 46, 46, 37, 63, 28, 27, 39, 56, 39, 36, 30, 30, 31, 27, 36, 31, 31, 32, 30, 34, 46, 54, 32, 38, 52, 39, 28, 52, 36, 47, 34, 52, 60, 36, 30, 46, 36, 27, 52, 30, 46, 34, 29, 46, 28, 31, 58, 60, 27, 52, 36, 30, 28, 28, 58, 26, 38, 46, 52, 54, 26, 32, 28, 29, 31, 32, 38, 63, 56, 28, 39, 53, 29, 60, 29, 53, 27, 27, 60, 54, 52, 34, 28, 28, 60, 31, 37, 29, 36, 64, 52, 54, 22, 22, 58, 60, 60, 46, 29, 39, 52, 64, 30, 34, 46, 36, 36, 27, 34, 27, 48, 30, 30, 60, 60, 53, 46, 53, 34, 28, 30, 32, 46, 52, 54, 34, 64, 30, 60, 30, 53, 27, 47, 29, 52, 29, 60, 31, 32, 60, 47, 47, 30, 28, 60, 32, 22, 36, 30]
[78,1284,73]  Eval = 1362  Best Iteration = 0  Best Time = 0,016