Problem = prob08_4.txt  Number Threads = 4  Time = 120.0
Params{m=8, maxLenght=25, lenghts=[5, 6, 7, 8, 9, 10, 11, 12], limits=[7, 12, 15, 7, 4, 6, 8, 1]}
-------------- Test #1 ---------------------
[9, 9, 7, 6, 8, 6, 5, 7, 6, 7, 5, 6, 10, 7, 6, 11, 6, 7, 7, 11, 8, 11, 5, 7, 7, 11, 12, 7, 6, 5, 8, 8, 11, 8, 9, 11, 7, 10, 7, 11, 9, 8, 6, 6, 5, 8, 7, 10, 10, 10, 5, 6, 7, 5, 7, 6, 10, 7, 6, 11]
[20,36,10]  Eval = 56  Best Iteration = 57  Best Time = 0,281
-------------- Test #2 ---------------------
[6, 8, 10, 11, 10, 7, 9, 11, 10, 6, 12, 7, 11, 11, 5, 9, 11, 7, 11, 7, 8, 7, 8, 7, 7, 7, 11, 7, 7, 7, 5, 8, 5, 8, 6, 6, 5, 10, 11, 9, 6, 6, 7, 7, 5, 6, 7, 8, 10, 6, 7, 6, 5, 6, 6, 8, 5, 6, 9, 10]
[20,36,10]  Eval = 56  Best Iteration = 197  Best Time = 0,736
-------------- Test #3 ---------------------
[8, 6, 6, 5, 6, 11, 7, 10, 9, 6, 11, 7, 7, 5, 6, 7, 8, 11, 8, 7, 7, 7, 5, 6, 7, 7, 11, 7, 6, 7, 6, 6, 9, 10, 6, 10, 6, 8, 7, 11, 5, 7, 8, 10, 10, 11, 9, 10, 5, 12, 11, 11, 8, 7, 8, 9, 5, 6, 5, 7]
[20,36,12]  Eval = 56  Best Iteration = 178  Best Time = 0,667
-------------- Test #4 ---------------------
[6, 7, 11, 10, 7, 5, 7, 10, 7, 10, 7, 8, 11, 6, 6, 6, 10, 9, 7, 6, 9, 11, 11, 6, 11, 6, 7, 11, 7, 7, 7, 5, 5, 11, 6, 8, 6, 8, 5, 6, 8, 7, 10, 10, 12, 5, 5, 7, 5, 11, 7, 6, 8, 8, 8, 9, 7, 9, 7, 6]
[20,36,13]  Eval = 56  Best Iteration = 5036  Best Time = 18,148
-------------- Test #5 ---------------------
[8, 10, 7, 11, 7, 6, 12, 6, 7, 6, 5, 6, 5, 5, 9, 7, 8, 7, 10, 8, 11, 6, 5, 10, 10, 8, 11, 6, 5, 7, 7, 11, 6, 11, 11, 6, 6, 7, 6, 11, 7, 7, 11, 7, 8, 9, 8, 5, 9, 10, 8, 7, 10, 6, 7, 9, 5, 6, 7, 7]
[20,36,9]  Eval = 56  Best Iteration = 495  Best Time = 1,797
-------------- Test #6 ---------------------
[11, 7, 6, 7, 7, 11, 7, 11, 6, 5, 6, 7, 11, 10, 6, 5, 9, 9, 6, 6, 5, 11, 8, 11, 10, 7, 6, 7, 5, 7, 7, 11, 7, 10, 8, 6, 5, 9, 6, 5, 6, 7, 7, 8, 8, 6, 10, 9, 8, 12, 5, 11, 7, 6, 10, 7, 8, 8, 7, 10]
[20,36,12]  Eval = 56  Best Iteration = 7  Best Time = 0,031
-------------- Test #7 ---------------------
[7, 10, 8, 10, 9, 7, 7, 11, 6, 8, 11, 8, 11, 5, 9, 6, 7, 7, 7, 6, 5, 5, 7, 8, 7, 11, 7, 6, 7, 11, 10, 9, 5, 12, 6, 7, 6, 8, 5, 8, 9, 5, 7, 10, 7, 5, 6, 7, 6, 6, 10, 7, 10, 11, 6, 11, 8, 6, 11, 6]
[20,36,13]  Eval = 56  Best Iteration = 258  Best Time = 0,937
-------------- Test #8 ---------------------
[11, 8, 9, 7, 9, 8, 7, 7, 6, 7, 11, 6, 6, 5, 6, 10, 5, 5, 5, 8, 5, 10, 11, 7, 7, 8, 6, 7, 10, 5, 6, 7, 11, 7, 6, 5, 9, 10, 8, 7, 11, 11, 6, 8, 10, 7, 6, 10, 9, 7, 6, 7, 11, 7, 6, 8, 11, 6, 12, 7]
[20,36,12]  Eval = 56  Best Iteration = 211  Best Time = 0,750
-------------- Test #9 ---------------------
[12, 7, 6, 8, 7, 10, 11, 7, 7, 7, 11, 7, 10, 9, 10, 9, 5, 5, 8, 7, 9, 5, 11, 7, 9, 6, 6, 7, 10, 10, 6, 6, 8, 6, 10, 7, 5, 7, 6, 7, 11, 6, 8, 5, 11, 7, 8, 11, 8, 6, 6, 5, 11, 8, 6, 6, 5, 7, 11, 7]
[20,36,11]  Eval = 56  Best Iteration = 135  Best Time = 0,485
-------------- Test #10 ---------------------
[5, 7, 11, 11, 7, 7, 9, 7, 9, 11, 7, 7, 7, 11, 7, 10, 7, 8, 10, 7, 7, 10, 8, 6, 6, 5, 11, 6, 6, 8, 7, 6, 5, 6, 6, 11, 11, 7, 5, 6, 7, 12, 5, 10, 10, 8, 8, 5, 8, 11, 6, 10, 6, 8, 6, 9, 7, 6, 9, 5]
[20,36,12]  Eval = 56  Best Iteration = 2  Best Time = 0,000